0.40 1.79 -0.61 -1.80 -0.17 1.35 0.99 -1.00 0.53 -0.49 
0.74 3.31 -1.13 -3.03 -0.52 2.17 1.77 -1.68 0.86 -0.74 
0.17 0.69 -0.22 -0.58 0.02 0.36 0.31 -0.23 0.18 -0.25 
-0.57 -2.41 0.72 2.03 0.27 -1.35 -1.25 1.25 -0.66 0.65 
-1.29 -5.48 1.95 5.11 0.59 -3.65 -2.89 2.84 -1.69 1.50 
0.00 -0.26 0.03 0.17 -0.01 -0.05 -0.04 0.05 -0.03 0.02 
0.14 0.50 -0.26 -0.60 0.15 0.37 0.40 -0.33 0.40 -0.34 
0.22 0.85 -0.21 -0.75 -0.07 0.48 0.40 -0.41 0.33 -0.30 
-0.60 -2.16 0.81 2.35 0.05 -1.62 -1.29 1.16 -0.85 0.85 
-0.22 -1.22 0.43 1.17 0.13 -0.89 -0.70 0.63 -0.41 0.39 
