0.401527 1.790507 -0.614676 -1.803361 -0.172035 1.352569 0.991765 -0.995964 0.533576 -0.486592 
0.742082 3.308159 -1.130587 -3.027541 -0.520572 2.166896 1.765345 -1.679675 0.857485 -0.740455 
0.172006 0.687881 -0.223433 -0.576936 0.023486 0.358312 0.308669 -0.225030 0.180619 -0.253381 
-0.571794 -2.410423 0.715589 2.025244 0.272775 -1.351230 -1.249435 1.247273 -0.659588 0.650069 
-1.293907 -5.476271 1.951091 5.114600 0.588789 -3.648515 -2.894681 2.842225 -1.694432 1.501761 
0.000346 -0.256029 0.027481 0.170162 -0.012387 -0.046796 -0.038702 0.048676 -0.027824 0.019306 
0.144779 0.503545 -0.259412 -0.596989 0.148417 0.372678 0.400369 -0.326727 0.396373 -0.342553 
0.222810 0.846170 -0.208296 -0.747934 -0.067916 0.481289 0.404703 -0.412840 0.330785 -0.296321 
-0.598345 -2.155454 0.809827 2.348135 0.052289 -1.619315 -1.289989 1.155980 -0.847934 0.846652 
-0.221023 -1.215759 0.434608 1.171885 0.132144 -0.891023 -0.697234 0.627773 -0.405847 0.386585 
